42.780746
42.78392
42.78075
42.783817
42.783787
42.783913
42.780575
42.783875
42.780594
42.78062
42.780594
42.780636
42.780563
42.78395
42.78387
42.780598
42.78392
42.78058
42.780685
42.783875
42.783886
42.78072
42.783916
42.783947
42.780663
42.780666
42.78074
42.780563
42.780586
42.780605
42.783882
42.78392
42.7838
42.783924
42.780563
42.78389
42.78072
42.78062
42.780655
42.78394
42.780563
42.783833
42.780605
42.783936
42.78061
42.783825
42.78383
42.78059
42.78388
42.78392
42.78395
42.78385
42.780712
42.780766
42.78391
42.783936
42.78066
42.783833
42.780674
42.78385
42.780567
42.783947
42.78059
42.783943
42.783947
42.783943
42.783936
42.780586
42.783844
42.780575
42.780678
42.78058
42.7806
42.780647
42.78393
42.783916
42.780613
42.78382
42.783936
42.783947
42.78394
42.783905
42.780582
42.780575
42.78387
42.783905
42.780674
42.783775
42.78061
42.780697
42.78392
42.78388
42.780613
42.78066
42.783943
42.783947
42.780716
42.780716
42.780693
42.783894
42.780617
42.780693
42.783916
42.780624
42.780624
42.78056
42.78394
42.78062
42.780758
42.783924
42.78395
42.780563
42.78061
42.783833
42.780624
42.783913
42.783855
42.78075
42.783813
42.783924
42.78395
42.78062
42.78067
42.78392
42.7839
42.783875
42.780563
42.783894
42.780563
42.783928
42.78394
42.783924
42.78061
42.783787
42.78067
42.780594
42.783924
42.780586
42.783897
42.780563
42.783943
42.78375
42.78378
42.780697
42.783936
42.78066
42.780766
42.780666
42.78389
42.78394
42.78391
42.780563
42.78387
42.783867
42.783882
42.78389
42.780567
42.783955
42.780674
42.780624
42.7838
42.780735
42.780586
42.78065
42.78057
42.780876
42.783863
42.783875
42.783775
42.783886
42.78391
42.783897
42.78395
42.780674
42.78366
42.78392
42.780636
42.78385
42.783787
42.780617
42.783855
42.783813
42.78392
42.783943
42.780598
42.780598
42.78065
42.783833
42.78064
42.783928
42.780598
42.780582
42.780807
42.783863
42.780563
42.78059
42.780643
42.780693
42.780724
42.78391
42.783817
42.78066
42.78056
42.783875
42.78393
42.783947
42.78056
42.780617
42.78081
42.78388
42.783913
42.783905
42.780647
42.783928
42.78064
42.78056
42.78395
42.780567
42.783947
42.780697
42.780575
42.78058
42.780724
42.783943
42.783802
42.78071
42.78058
42.78358
42.78393
42.783817
42.780643
42.783905
42.78068
42.783905
42.783955
42.780636
42.780563
42.78057
42.7806
42.783894
42.783916
42.783825
42.78389
42.780575
42.78389
42.780563
42.78389
42.780945
42.78393
42.78394
42.783894
42.78392
42.780575
42.783733
42.780567
42.783943
42.78067
42.783817
42.780613
42.780605
42.780666
42.78394
42.783882
42.783882
42.783913
42.78394
42.780636
42.780617
42.780823
42.780605
42.780624
42.78067
42.78061
42.780785
42.78066
42.78061
42.78384
42.78082
42.78056
42.783894
42.78359
42.780563
42.780636
42.7806
42.780735
42.783936
42.78059
42.78061
42.78387
42.78395
42.780582
42.783813
42.780636
42.780636
42.78072
42.783775
42.78395
42.780582
42.780613
42.783916
42.7839
42.780735
42.783844
42.78067
42.780663
42.78391
42.78059
42.783894
42.78059
42.78391
42.78058
42.78058
42.7839
42.7807
42.783806
42.78378
42.780666
42.78388
42.783943
42.780594
42.78391
42.783855
42.78058
42.780586
42.780563
42.783836
42.780582
42.7806
42.783947
42.783943
42.78394
42.780846
42.780567
42.78359
42.78065
42.780693
42.78387
42.783855
42.78057
42.783913
42.780586
42.78057
42.78057
42.783806
42.780594
42.78057
42.78073
42.78076
42.783947
42.78061
42.783787
42.78062
42.780594
42.780586
42.780746
42.783928
42.78069
42.7806
42.78391
42.78392
42.78069
42.78394
42.783737
42.78388
42.78056
42.780617
42.783848
42.783928
42.783928
42.780712
42.78392
42.783787
42.78063
42.78389
42.780594
42.7839
42.783905
42.780704
42.78376
42.78075
42.78384
42.78068
42.780666
42.78378
42.78394
42.78074
42.780743
42.78386
42.78394
42.78393
42.7806
42.783928
42.783928
42.783928
42.780746
42.780613
42.78364
42.78057
42.7837
42.78061
42.78071
42.780563
42.78393
42.783863
42.78066
42.780617
42.783875
42.783672
42.78061
42.780567
42.78057
42.78392
42.783764
42.780594
42.780693
42.783802
42.780582
42.783897
42.78394
42.783817
42.783947
42.78392
42.783916
42.78391
42.780975
42.783947
42.780605
42.78078
42.78064
42.780643
42.783924
42.78351
42.783947
42.780582
42.780655
42.78391
42.780575
42.78393
42.783875
42.78072
42.78058
42.780663
42.783913
42.78392
42.780666
42.783855
42.780823
42.783905
42.78391
42.78393
42.783894
42.783924
42.783928
42.783928
42.780716
42.78395
42.780605
42.78057
42.7806
42.78376
42.78079
42.78056
42.780743
42.783886
42.78081
42.783833
42.780582
42.783752
42.780754
42.780632
42.78393
42.780567
42.78073
42.780693
42.780823
42.780792
42.780678
42.783836
42.78059
42.78388
42.78058
42.780643
42.78058
42.78393
42.78379
42.780613
42.7839
42.783924
42.780632
42.78393
42.783913
42.78078
42.7806
42.783894
42.783844
42.783928
42.783707
42.78386
42.78383
42.783764
42.780598
42.780617
42.78394
42.78069
42.78065
42.780582
42.783894
42.78061
42.78062
42.780655
42.780567
42.783913
42.780773
42.78057
42.780567
42.78063
42.78059
42.783913
42.780834
42.78389
42.780594
42.780712
42.780598
42.783886
42.78369
42.783916
42.780666
42.78393
42.78395
42.780796
42.78061
42.7806
42.780567
42.780582
42.780567
42.78395
42.780594
42.78058
42.78394
42.780758
42.780674
42.78391
42.78062
42.780655
42.780674
42.783836
42.783947
42.780586
42.780563
42.783886
42.780617
42.780663
42.780582
42.783863
42.78059
42.78075
42.78057
42.78389
42.780685
42.780575
42.783833
42.783836
42.780655
42.78057
42.78392
42.780605
42.783943
42.78059
42.780598
42.78062
42.783566
42.783897
42.78376
42.780567
42.780567
42.783936
42.78064
42.780724
42.780563
42.783817
42.783833
42.783665
42.783787
42.78065
42.783955
42.780594
42.78389
42.780617
42.78391
42.780598
42.78379
42.780655
42.780666
42.780598
42.783867
42.78395
42.78066
42.780598
42.780743
42.783813
42.783733
42.7839
42.78075
42.78379
42.783752
42.78386
42.780624
42.783936
42.7839
42.78383
42.78058
42.783905
42.780617
42.780563
42.780613
42.780666
42.783947
42.780598
42.780563
42.783756
42.78391
42.783947
42.78061
42.780643
42.780678
42.78384
42.783863
42.780773
42.783714
42.783947
42.783916
42.783936
42.7839
42.78068
42.780563
42.78394
42.78064
42.783768
42.783886
42.783726
42.78063
42.78387
42.78064
42.78069
42.7838
42.780643
42.78386
42.78073
42.7839
42.780582
42.78383
42.7836
42.78093
42.780617
42.783615
42.78059
42.780666
42.783936
42.78386
42.783924
42.783817
42.78392
42.780704
42.7839
42.783916
42.780598
42.780598
42.780647
42.783714
42.780643
42.780563
42.780643
42.783882
42.780586
42.78393
42.783928
42.783802
42.78395
42.780582
42.7806
42.780624
42.780643
42.780853
42.780693
42.78383
42.78372
42.78392
42.78059
42.7806
42.783947
42.780704
42.783943
42.780567
42.780643
42.783882
42.7839
42.780685
42.783936
42.783936
42.780594
42.783943
42.783924
42.783855
42.783943
42.783924
42.78066
42.78063
42.783833
42.78392
42.780636
42.780563
42.783875
42.780567
42.783905
42.783833
42.780598
42.783955
42.783897
42.780567
42.780636
42.783894
42.7806
42.78391
42.78057
42.780624
42.783905
42.783947
42.783916
42.78061
42.78395
42.78071
42.78395
42.78071
42.780605
42.78078
42.780567
42.780567
42.78388
42.7806
42.78387
42.780605
42.78065
42.78382
42.78384
42.78057
42.780624
42.783886
42.780643
42.783905
42.78388
42.783875
42.78062
42.780643
42.78386
42.780617
42.783855
42.783867
42.780598
42.783894
42.78061
42.780716
42.78066
42.78394
42.7839
42.78394
42.783848
42.780605
42.783806
42.78056
42.78394
42.783848
42.780655
42.783737
42.78064
42.780594
42.7806
42.78392
42.78079
42.78064
42.780575
42.780766
42.783905
42.78065
42.78391
42.780575
42.78058
42.78391
42.780792
42.78384
42.780567
42.780758
42.783813
42.78061
42.78072
42.78392
42.783634
42.78386
42.780567
42.78395
42.780636
42.783817
42.780617
42.783947
42.780632
42.780586
42.780582
42.780563
42.783794
42.783615
42.78394
42.783947
42.780586
42.783947
42.78386
42.783875
42.780567
42.78391
42.78365
42.780563
42.783905
42.78075
42.780575
42.780586
42.783775
42.780594
42.78063
42.780586
42.78058
42.780598
42.783707
42.78394
42.780575
42.78062
42.780785
42.783943
42.78388
42.78057
42.78059
42.780613
42.783875
42.78395
42.780598
42.780846
42.780643
42.78394
42.780582
42.783684
42.780937
42.78073
42.783916
42.78373
42.78358
42.780712
42.78061
42.7806
42.783928
42.783913
42.780647
42.783867
42.783886
42.7807
42.7839
42.78394
42.78061
42.780716
42.780933
42.783947
42.780605
42.783916
42.783794
42.78395
42.78058
42.780563
42.78071
42.7807
42.780712
42.780563
42.783916
42.78385
42.783844
42.783787
42.783806
42.78374
42.783916
42.783688
42.783894
42.780613
42.780575
42.780605
42.78081
42.783955
42.783936
42.78059
42.78391
42.780582
42.783924
42.78069
42.78388
42.78392
42.783947
42.780598
42.7839
42.78061
42.780594
42.783905
42.783947
42.78386
42.78069
42.78065
42.780594
42.783943
42.783752
42.78057
42.780594
42.78062
42.78377
42.780643
42.78092
42.783947
42.783855
42.780605
42.78073
42.780598
42.78066
42.78057
42.783943
42.7806
42.783943
42.780678
42.78395
42.783936
42.78066
42.78372
42.780586
42.780582
42.783386
42.78064
42.783897
42.783928
42.780605
42.783875
42.783817
42.783928
42.783928
42.780624
42.78387
42.780624
42.78394
42.78393
42.7839
42.780575
42.780716
42.78386
42.780563
42.78057
42.783947
42.783955
42.7806
42.783924
42.78071
42.783897
42.78388
42.783947
42.783684
42.783897
42.78391
42.783913
42.78384
42.780582
42.780636
42.780624
42.783943
42.783745
42.783764
42.78071
42.780643
42.7807
42.783783
42.783924
42.780624
42.78372
42.780582
42.783916
42.780685
42.780575
42.78074
42.783913
42.78056
42.7839
42.783886
42.783833
42.78362
42.780663
42.780663
42.78058
42.78057
42.780605
42.780678
42.780598
42.78057
38.48735
38.487297
38.487442
38.487446
38.484932
38.487408
38.487446
38.48476
38.48507
38.4872
38.48475
38.484783
38.48741
38.4873
38.484734
38.487396
38.48744
38.484856
38.484745
38.487396
38.487453
38.484756
38.484783
38.48477
38.487324
38.484806
38.484756
38.484802
38.487324
38.48738
38.487423
38.48476
38.484833
38.48486
38.484833
38.48474
38.487446
38.48478
38.487453
38.487453
38.484802
38.484745
38.48737
38.487453
38.48743
38.484825
38.48479
38.484818
38.48738
38.48742
38.48481
38.487453
38.484737
38.487446
38.484886
38.48744
38.487362
38.487442
38.484833
38.484764
38.48477
38.48717
38.48477
38.484745
38.487396
38.487408
38.48743
38.484737
38.48738
38.484737
38.487442
38.487423
38.484818
38.487457
38.484756
38.484814
38.487442
38.48482
38.48735
38.487423
38.487186
38.484745
38.484898
38.48476
38.487385
38.484802
38.48482
38.48744
38.48479
38.487408
38.48485
38.48715
38.484905
38.487328
38.48732
38.484737
38.48477
38.484795
38.484756
38.48745
38.484974
38.484882
38.484734
38.487247
38.48474
38.48474
38.484753
38.48744
38.484787
38.487427
38.487415
38.487362
38.48744
38.487373
38.484764
38.487446
38.484894
38.48725
38.487366
38.48732
38.4874
38.487366
38.48479
38.487457
38.487457
38.484833
38.48477
38.48742
38.48474
38.487404
38.48474
38.484848
38.4874
38.48743
38.484848
38.484776
38.484783
38.484753
38.487377
38.48742
38.48476
38.487312
38.48739
38.48708
38.487366
38.487434
38.484753
38.484844
38.48741
38.484886
38.487434
38.484776
38.484806
38.487423
38.487457
38.484737
38.487453
38.48476
38.487457
38.487396
38.484913
38.487377
38.484863
38.484745
38.48474
38.484844
38.48743
38.484783
38.484783
38.48745
38.487328
38.484818
38.487194
38.48474
38.484756
38.487408
38.487267
38.48741
38.48478
38.484783
38.487278
38.484734
38.484753
38.487434
38.487343
38.484764
38.487404
38.484898
38.484745
38.484814
38.48478
38.484875
38.484783
38.487385
38.487385
38.48745
38.487255
38.4848
38.484745
38.484756
38.487457
38.48742
38.48737
38.484837
38.484737
38.487442
38.48735
38.48477
38.487453
38.484825
38.48476
38.484753
38.48506
38.484905
38.487362
38.48499
38.48744
38.48491
38.484737
38.484745
38.48745
38.4873
38.487453
38.487324
38.484745
38.48476
38.484947
38.484753
38.48475
38.4874
38.484833
38.48745
38.48744
38.487362
38.487366
38.487434
38.487453
38.48483
38.487446
38.484886
38.484837
38.48741
38.487457
38.484787
38.484844
38.487408
38.487408
38.484745
38.487453
38.484787
38.484764
38.487446
38.487457
38.48735
38.487423
38.484776
38.487415
38.487457
38.487415
38.487293
38.484924
38.484776
38.487442
38.487434
38.484818
38.48474
38.48501
38.487404
38.484753
38.484745
38.48733
38.48477
38.48483
38.487453
38.48486
38.484776
38.487408
38.48742
38.487427
38.487427
38.48478
38.487457
38.48733
38.48474
38.487392
38.48743
38.48475
38.484737
38.48475
38.487408
38.487446
38.484768
38.484802
38.48485
38.484745
38.487423
38.484737
38.484734
38.48735
38.48484
38.484905
38.484745
38.487267
38.48743
38.48739
38.48474
38.484802
38.484737
38.484734
38.487453
38.487423
38.487286
38.48742
38.48487
38.48743
38.484886
38.487274
38.484737
38.487324
38.487446
38.484756
38.487434
38.4848
38.48476
38.4874
38.484764
38.487453
38.487392
38.487404
38.484756
38.487434
38.487434
38.48744
38.487457
38.4849
38.487457
38.48744
38.484745
38.48474
38.487293
38.484756
38.48742
38.484776
38.48744
38.48484
38.48496
38.484814
38.484734
38.48481
38.48474
38.484745
38.487453
38.48474
38.48481
38.48483
38.48744
38.484764
38.485023
38.48744
38.484764
38.484806
38.487453
38.48741
38.484833
38.487362
38.48744
38.487453
38.487427
38.484737
38.487442
38.484734
38.4848
38.484898
38.484734
38.48741
38.48475
38.487324
38.487377
38.48481
38.487415
38.487434
38.487446
38.487392
38.48739
38.484776
38.487434
38.487442
38.484753
38.487453
38.48489
38.487297
38.48719
38.48745
38.48745
38.484753
38.487434
38.48745
38.487362
38.48742
38.484913
38.484886
38.48738
38.48743
38.484814
38.484814
38.487434
38.487453
38.48476
38.48481
38.487385
38.48479
38.48743
38.48481
38.484787
38.487377
38.484756
38.487427
38.48727
38.48733
38.487385
38.487396
38.487408
38.484737
38.487385
38.48477
38.48739
38.48478
38.48494
38.484734
38.48476
38.48484
38.48736
38.484745
38.484795
38.48744
38.48474
38.484856
38.487366
38.48738
38.484745
38.48486
38.487423
38.484924
38.484734
38.484764
38.484837
38.48736
38.48474
38.484768
38.487453
38.484753
38.487366
38.487423
38.4874
38.484776
38.487286
38.484867
38.484783
38.4874
38.487373
38.48733
38.48744
38.48479
38.487453
38.4848
38.484932
38.487446
38.48484
38.4848
38.48474
38.487457
38.487442
38.48736
38.48744
38.484806
38.48741
38.487453
38.484818
38.487423
38.484737
38.48745
38.484745
38.487366
38.484997
38.487305
38.487343
38.487423
38.487457
38.4874
38.484825
38.4848
38.48741
38.487408
38.48474
38.48481
38.484737
38.487415
38.487446
38.484894
38.48736
38.48739
38.48499
38.48744
38.487434
38.484734
38.484802
38.487335
38.484875
38.48731
38.487343
38.484768
38.487377
38.484753
38.487366
38.487408
38.487408
38.487423
38.484795
38.487423
38.48479
38.484734
38.48474
38.487408
38.487427
38.484768
38.487457
38.48738
38.48742
38.484737
38.484787
38.484768
38.484753
38.484886
38.48474
38.487366
38.487427
38.48742
38.484848
38.484795
38.48743
38.485092
38.487362
38.48479
38.48744
38.48474
38.484776
38.484753
38.487446
38.487392
38.487305
38.487457
38.487442
38.484734
38.487457
38.484745
38.487434
38.487427
38.484875
38.484818
38.48491
38.48481
38.487404
38.484753
38.487427
38.487434
38.487434
38.484745
38.487415
38.487427
38.487453
38.48743
38.484814
38.48495
38.487446
38.487457
38.484802
38.484825
38.487408
38.48709
38.48744
38.48744
38.48744
38.484753
38.484882
38.48474
38.487366
38.48741
38.484833
38.487446
38.484745
38.484818
38.487347
38.484734
38.48481
38.484787
38.487247
38.484768
38.4873
38.48475
38.487427
38.48745
38.484837
38.487453
38.487404
38.484962
38.484753
38.48743
38.48739
38.487377
38.487427
38.48737
38.48474
38.484844
38.484795
38.484875
38.48478
38.484734
38.487442
38.487408
38.48475
38.487347
38.487255
38.484814
38.487392
38.48484
38.484756
38.487377
38.48487
38.487385
38.48743
38.484932
38.487442
38.484814
38.484783
38.487446
38.487347
38.48479
38.48478
38.487408
38.484745
38.487385
38.487423
38.48475
38.484734
38.48496
38.487328
38.487293
38.484745
38.48742
38.487347
38.48734
38.48483
38.487328
38.484756
38.484802
38.487446
38.4849
38.484783
38.487347
38.48744
38.487442
38.487354
38.487427
38.484745
38.48474
38.487392
38.487453
38.484844
38.48737
38.484768
38.487274
38.487434
38.487453
38.484787
38.48487
38.487297
38.484833
38.484737
38.487457
38.487423
38.487328
38.48744
38.487457
38.48734
38.4874
38.484833
38.487457
38.48741
38.484734
38.484734
38.487427
38.48737
38.484795
38.484863
38.484806
38.484737
38.484734
38.48739
38.484833
38.48737
38.487274
38.487442
38.487446
38.487144
38.484776
38.48474
38.484768
38.48734
38.48737
38.484764
38.484756
38.48476
38.487423
38.48479
38.48743
38.487457
38.48745
38.4849
38.48744
38.487442
38.484756
38.484756
38.487453
38.484734
38.484734
38.484814
38.484756
38.48474
38.48484
38.48725
38.48743
38.487446
38.484783
38.484756
38.4873
38.484756
38.487446
38.484753
38.48733
38.487446
38.487404
38.484756
38.484875
38.48745
38.487442
38.484783
38.484917
38.48745
38.48478
38.487385
38.48741
38.484768
38.48732
38.48741
38.48483
38.48745
38.48478
38.484875
38.484734
38.484818
38.484756
38.48737
38.487328
38.48743
38.48739
38.484814
38.48741
38.4848
38.48484
38.48477
38.48479
38.48744
38.48477
38.48734
38.48481
38.48739
38.48734
38.487362
38.48744
38.487377
38.484737
38.484745
38.487408
38.487457
38.484756
38.48476
38.48738
38.484818
38.484745
38.487396
38.484787
38.484764
38.487286
38.487312
38.48742
38.487392
38.48743
38.48474
38.484844
38.484737
38.487347
38.48487
38.487316
38.48474
38.487347
38.487434
38.48744
38.484764
38.484894
38.484764
38.487347
38.48479
38.48479
38.487373
38.4873
38.487328
38.48741
38.484737
38.48743
38.484753
38.484753
38.48742
38.487408
38.48742
38.4848
38.487434
38.484737
38.487415
38.487446
38.484764
38.48745
38.484753
38.484814
38.484844
38.484795
38.48739
38.484737
38.48743
38.487423
38.48744
38.4873
38.48479
38.487312
38.484783
38.487404
38.484787
38.484806
38.487446
38.48745
38.487408
38.48744
38.48728
38.484795
38.484837
38.48493
38.48485
38.484776
38.487453
38.484768
38.48479
38.48485
38.487396
38.487343
38.487427
38.484848
38.484745
38.487442
38.487396
38.48739
38.487457
38.48732
38.48737
38.487305
38.48474
38.484814
38.48504
38.48737
38.48474
38.484913
38.48741
38.487453
38.48733
38.484756
38.487427
38.4874
38.484756
38.48475
38.487408
38.48741
38.48744
38.487446
38.487183
38.4848
38.48484
38.48744
38.487392
38.487423
38.484875
38.484848
38.487442
38.487312
38.48728
38.4848
38.487415
38.48474
38.48476
38.48483
38.487446
38.48475
38.484734
38.48728
38.48744
38.484734
38.48739
38.48478
38.48743
38.487377
38.48483
38.487377
38.487347
38.487427
38.48742
38.487457
38.484734
38.484848
38.48488
38.484768
38.484753
38.487427
38.487392
38.48741
38.484795
38.487335
38.487396
38.487453
38.487392
38.484756
38.484764
38.487415
38.484745
38.484863
38.484745
38.48479
38.48474
38.487415
38.484745
38.484734
38.48494
38.487408
38.487316
38.487453
38.48481
38.48739
38.484734
38.48742
38.48744
38.48489
38.484795
38.487427
38.484737
38.484764
38.48481
38.48743
38.484737
38.487434
38.484814
38.484776
38.487312
38.487373
38.48742
38.487423
38.48474
38.484802
38.487396
38.487225
38.484745
38.487404
38.487446
38.484844
38.487442
38.484806
38.48481
38.484787
38.484737
38.48744
38.487457
38.48743
38.487396
38.484783
38.48741
38.48739
38.48478
38.487286
38.48737
38.487392
38.484745
38.487423
38.487434
38.484825
38.48475
37.94375
37.943752
37.943718
37.94371
37.943703
37.94101
37.94103
37.941067
37.94101
37.940994
37.943775
37.940987
37.940994
37.94099
37.94101
37.943737
37.941055
37.943695
37.943752
37.943684
37.94356
37.94099
37.943726
37.940998
37.940987
37.941
37.94373
37.94106
37.941147
37.943634
37.9411
37.943733
37.941048
37.943718
37.94103
37.940994
37.941113
37.943752
37.9437
37.94102
37.94102
37.940994
37.943584
37.941093
37.941116
37.940994
37.94102
37.941048
37.943768
37.943756
37.941082
37.943733
37.941093
37.94374
37.943752
37.941044
37.94371
37.941044
37.94101
37.94376
37.943756
37.94372
37.94376
37.943737
37.943718
37.941006
37.94376
37.941036
37.943592
37.94099
37.941006
37.94377
37.94356
37.941
37.943756
37.943756
37.943703
37.943752
37.94099
37.941013
37.94103
37.943745
37.9437
37.941067
37.941086
37.94102
37.941032
37.941143
37.941055
37.94376
37.941124
37.941048
37.941048
37.94376
37.94374
37.941032
37.943764
37.943623
37.943604
37.941006
37.94367
37.943764
37.943462
37.940994
37.94369
37.941048
37.940994
37.943768
37.943733
37.94377
37.94374
37.94107
37.943775
37.941036
37.943764
37.94101
37.94373
37.943485
37.940998
37.94373
37.94376
37.943676
37.94104
37.940998
37.941135
37.943737
37.943752
37.94368
37.943733
37.941067
37.94117
37.941006
37.941086
37.94107
37.94366
37.94363
37.943665
37.94099
37.941
37.94113
37.940994
37.940994
37.94099
37.943676
37.941082
37.943764
37.94374
37.94376
37.941044
37.94376
37.941025
37.940994
37.943737
37.943756
37.943504
37.94375
37.94377
37.943737
37.940987
37.941048
37.941013
37.941254
37.94103
37.943695
37.941006
37.94113
37.94102
37.940998
37.941006
37.941048
37.943768
37.943672
37.941055
37.94101
37.943737
37.943638
37.941063
37.941
37.943394
37.941082
37.943764
37.940998
37.94365
37.94375
37.943768
37.940998
37.941116
37.940994
37.941013
37.943768
37.94372
37.94372
37.94105
37.94103
37.94115
37.941082
37.941307
37.94377
37.94352
37.941086
37.94101
37.941086
37.94103
37.943768
37.941048
37.943764
37.94108
37.94376
37.94099
37.941082
37.941128
37.943615
37.943592
37.94099
37.941055
37.941048
37.941067
37.94368
37.943768
37.941048
37.943726
37.94114
37.943615
37.941128
37.941044
37.943726
37.943756
37.941063
37.943745
37.94376
37.940998
37.941143
37.941006
37.943745
37.943695
37.941097
37.943714
37.940994
37.941006
37.94373
37.941
37.943565
37.940994
37.943752
37.94358
37.94374
37.943737
37.94362
37.941006
37.941013
37.94376
37.941082
37.941135
37.941063
37.94376
37.94375
37.94104
37.94363
37.943756
37.943703
37.941
37.940994
37.94101
37.94111
37.941048
37.94099
37.943703
37.943733
37.94106
37.94107
37.94369
37.941006
37.941044
37.941036
37.943695
37.94107
37.94377
37.943764
37.943733
37.943737
37.943756
37.94362
37.943733
37.94376
37.943764
37.943707
37.943775
37.9437
37.941223
37.940998
37.941048
37.94374
37.94374
37.943756
37.941032
37.94112
37.941
37.94108
37.941006
37.943726
37.94371
37.943718
37.940983
37.94104
37.94374
37.94101
37.941
37.94106
37.941116
37.94374
37.94099
37.943756
37.941124
37.94099
37.943714
37.943676
37.943745
37.941055
37.940987
37.941
37.94112
37.94107
37.941
37.94377
37.941017
37.941067
37.941055
37.941063
37.941055
37.94106
37.94108
37.940994
37.943726
37.943752
37.941013
37.94105
37.94105
37.94368
37.94123
37.940994
37.941
37.941235
37.941044
37.941055
37.940998
37.943756
37.94377
37.94102
37.943737
37.94101
37.94101
37.941036
37.940998
37.94104
37.94119
37.941082
37.940998
37.941036
37.943718
37.941
37.941025
37.943607
37.943626
37.94369
37.943764
37.94376
37.943703
37.943768
37.941013
37.943745
37.94107
37.943768
37.94369
37.941055
37.943733
37.943604
37.943768
37.941273
37.943718
37.94374
37.940987
37.943752
37.941048
37.943737
37.941074
37.941162
37.941044
37.940983
37.941113
37.943714
37.94365
37.943733
37.941048
37.94109
37.941017
37.943764
37.941143
37.941193
37.940983
37.94107
37.941
37.94104
37.940998
37.943764
37.943714
37.941013
37.94109
37.940994
37.940998
37.941055
37.94105
37.941105
37.941044
37.941048
37.941082
37.940998
37.943764
37.943684
37.941048
37.94374
37.94359
37.94109
37.94114
37.941074
37.943775
37.941097
37.94369
37.94367
37.94374
37.94109
37.943527
37.943768
37.941082
37.941
37.943764
37.941017
37.943657
37.941044
37.94372
37.940987
37.943695
37.94375
37.94367
37.943672
37.943775
37.94361
37.94105
37.943745
37.941044
37.94376
37.94369
37.941013
37.943764
37.941147
37.94376
37.94119
37.943707
37.943596
37.94366
37.94118
37.941013
37.941135
37.94369
37.94376
37.943752
37.94104
37.94374
37.943718
37.941025
37.94377
37.941093
37.943645
37.94375
37.941063
37.94372
37.943707
37.94102
37.940998
37.943718
37.943745
37.943764
37.941032
37.94104
37.941006
37.94103
37.94377
37.940994
37.94371
37.941086
37.941048
37.94357
37.94102
37.943768
37.943764
37.94113
37.94122
37.94103
37.94099
37.941
37.941204
37.943626
37.940987
37.94109
37.943577
37.941006
37.943775
37.943745
37.941055
37.943756
37.94117
37.941017
37.94376
37.941025
37.941086
37.94368
37.941006
37.94377
37.943752
37.94372
37.941017
37.94104
37.941166
37.941013
37.941013
37.94371
37.943672
37.941086
37.94099
37.94364
37.943714
37.941017
37.94105
37.9437
37.941036
37.943745
37.941048
37.94373
37.941
37.943764
37.943737
37.94104
37.943768
37.94371
37.941177
37.94368
37.941006
37.943737
37.94355
37.941093
37.943745
37.94375
37.94104
37.940998
37.943703
37.941055
37.943707
37.941006
37.941067
37.941105
37.941025
37.943768
37.94108
37.941154
37.941
37.941025
37.943726
37.94374
37.94105
37.940998
37.943726
37.940998
37.943726
37.943657
37.94374
37.94106
37.943752
37.943645
37.943768
37.943768
37.94364
37.94107
37.943768
37.941013
37.94099
37.941
37.94113
37.943752
37.94371
37.94371
37.943745
37.941048
37.94375
37.941055
37.941196
37.943672
37.94367
37.943756
37.940994
37.940987
37.943756
37.94101
37.940994
37.9437
37.941006
37.943718
37.943733
37.943718
37.941105
37.941032
37.940987
37.943707
37.943756
37.940994
37.940994
37.94376
37.941
37.943764
37.943745
37.94364
37.941048
37.941048
37.94377
37.94099
37.94104
37.940987
37.941166
37.94101
37.943714
37.94104
37.941017
37.941006
37.94102
37.943684
37.941067
37.94366
37.94376
37.941017
37.943687
37.94099
37.941025
37.94099
37.943737
37.94374
37.943634
37.943577
37.94361
37.943695
37.94376
37.943733
37.940987
37.940987
37.94099
37.94368
37.94109
37.941013
37.943752
37.941044
37.943737
37.94364
37.943752
37.943653
37.943718
37.943764
37.943764
37.940987
37.941
37.94371
37.943718
37.941
37.94374
37.94099
37.94376
37.941044
37.941113
37.943756
37.94374
37.94102
37.94099
37.943745
37.941128
37.941017
37.943497
37.94377
37.94375
37.94375
37.940998
37.9436
37.941063
37.943737
37.94101
37.941246
37.94376
37.943527
37.943714
37.94104
37.941017
37.94369
37.943768
37.940987
37.941067
37.940998
37.943718
37.9411
37.94375
37.943756
37.94359
37.94099
37.94376
37.941044
37.943764
37.94368
37.941113
37.94099
37.940987
37.943634
37.94372
37.941036
37.943737
37.943726
37.943752
37.94377
37.94102
37.943554
37.943764
37.943745
37.943752
37.943764
37.9436
37.94103
37.94102
37.940987
37.943607
37.941013
37.94099
37.941017
37.943756
37.941
37.940998
37.941013
37.940983
37.943752
37.943768
37.943714
37.943764
37.94366
37.941
37.94105
37.94108
37.94114
37.94101
37.943726
37.94376
37.940998
37.941032
37.941074
37.943752
37.94375
37.941017
37.94104
37.943714
37.94375
37.940987
37.943726
37.941193
37.943733
37.941067
37.94101
37.940983
37.940987
37.941097
37.94376
37.940987
37.94366
37.943768
37.943745
37.94107
37.94363
37.943775
37.941017
37.943676
37.94353
37.943752
37.94109
37.943653
37.940994
37.94376
37.94106
37.943756
37.941
37.94371
37.941032
37.943596
37.941
37.943768
37.9437
37.94367
37.94148
37.94102
37.94359
37.943687
37.941025
37.94377
37.940994
37.94369
37.941036
37.943775
37.943768
37.941025
37.941013
37.94368
37.94112
37.943752
37.94105
37.943684
37.943752
37.94371
37.94105
37.943577
37.94377
37.943703
37.941082
37.943565
37.941032
37.94104
37.943768
37.941013
37.941
37.943665
37.941177
37.943672
37.94099
37.941025
37.943752
37.94367
37.943653
37.941235
37.943718
37.941135
37.94371
37.941055
37.94375
37.94376
37.94109
37.94106
37.941013
37.941048
37.943592
37.941093
37.941135
37.940994
37.943756
37.94106
37.943695
37.941
37.94377
37.94111
37.943752
37.94374
37.94103
37.940998
37.941025
37.943764
37.94377
37.941166
37.94368
37.943703
37.94099
37.941055
37.94114
37.940994
37.941044
37.9435
37.941093
37.94101
37.94101
37.941093
37.943737
37.94373
37.943752
37.94377
37.943756
37.94376
37.94107
37.94375
37.94374
37.940987
37.941055
37.941154
37.94377
37.94375
37.94119
37.943687
37.941006
37.943733
37.943653
37.943718
37.943756
37.94366
37.94377
37.940994
37.94099
37.940998
37.943718
37.943768
37.94376
37.940998
37.943752
37.943768
37.94372
37.943604
37.94351
37.940998
37.943695
37.94371
37.94374
37.941006
37.943768
37.94107
37.943752
37.941216
37.94105
37.94373
37.943707
37.943752
37.940998
37.940987
37.943756
37.94377
37.94103
37.943676
37.94113
37.94104
37.94372
37.94374
37.943714
37.941017
37.943676
37.94103
37.943684
37.940994
37.94104
37.943726
37.943623
37.943584
37.943752
37.943768
37.94376
37.94101
37.940994
37.94105
37.94106
37.94103
37.94376
37.940987
37.943752
37.94377
37.943768
37.941013
37.94107
37.94101
37.94361
37.943573
37.943695
37.940987
37.943363
37.943687
37.941036
37.943684
37.943745
37.94101
37.941013
37.94099
37.940998
37.943672
37.94353
37.943756
37.9411
37.943684
37.94377
37.941032
37.94354
37.943645
37.94114
37.941055
37.943737
37.94101
37.943714
37.941055
37.941227
37.943768
37.943695
37.94375
37.943752
37.941074
37.94104
37.94104
37.943726
37.941017
37.940987
37.94099
38.610996
38.610943
38.610985
38.610935
38.608284
38.610985
38.61093
38.608307
38.6083
38.608337
38.61101
38.610973
38.608345
38.610962
38.610996
38.608494
38.61097
38.608303
38.60833
38.610924
38.60829
38.60833
38.608288
38.608402
38.60834
38.608295
38.610863
38.610992
38.610954
38.60828
38.60828
38.611004
38.6083
38.608303
38.6083
38.608276
38.610977
38.610935
38.608505
38.610992
38.60832
38.608337
38.610996
38.610977
38.608284
38.608284
38.608276
38.610992
38.61098
38.608334
38.61098
38.611004
38.611008
38.608356
38.60835
38.610977
38.610996
38.61099
38.608345
38.61098
38.608353
38.608276
38.60831
38.608303
38.60828
38.61101
38.611
38.6083
38.610985
38.610847
38.608364
38.610897
38.610966
38.608288
38.608288
38.610928
38.608315
38.60829
38.611
38.61084
38.610928
38.611
38.608334
38.608322
38.610897
38.608364
38.608284
38.608276
38.608288
38.6109
38.6083
38.60841
38.608307
38.60839
38.608425
38.60829
38.61092
38.610943
38.60828
38.60829
38.608288
38.61099
38.608334
38.61098
38.608345
38.60833
38.608295
38.608295
38.610996
38.608475
38.61095
38.610992
38.60837
38.608337
38.611004
38.608288
38.6084
38.610985
38.608334
38.61097
38.608414
38.608284
38.611
38.610928
38.61101
38.608295
38.611
38.608387
38.611
38.611008
38.608437
38.611015
38.611008
38.60832
38.610947
38.610844
38.60829
38.6109
38.608322
38.61098
38.608337
38.60841
38.60838
38.611015
38.60835
38.610935
38.60841
38.608284
38.60828
38.60832
38.61101
38.608315
38.610966
38.61097
38.608288
38.611015
38.610813
38.610996
38.6084
38.61101
38.6084
38.610943
38.60832
38.611015
38.608536
38.60837
38.61083
38.608288
38.611008
38.608307
38.6108
38.610962
38.610893
38.610954
38.608284
38.608307
38.61101
38.608303
38.608406
38.610992
38.610863
38.611015
38.610676
38.611004
38.608284
38.608276
38.611
38.61091
38.61099
38.608307
38.61101
38.60848
38.610935
38.608345
38.608284
38.6083
38.611
38.610977
38.608307
38.60834
38.610817
38.60829
38.608475
38.610916
38.61093
38.608322
38.61097
38.608353
38.610947
38.60828
38.610992
38.60834
38.610966
38.60828
38.608498
38.611004
38.611008
38.608322
38.610825
38.61101
38.608395
38.6083
38.608276
38.610992
38.6083
38.60839
38.610985
38.608288
38.610977
38.61092
38.60833
38.60833
38.61101
38.608295
38.610954
38.60829
38.60828
38.61093
38.610863
38.608322
38.608276
38.608284
38.60839
38.608418
38.608288
38.608303
38.610893
38.608334
38.60836
38.608505
38.60831
38.60828
38.608334
38.608364
38.60832
38.608307
38.608288
38.608326
38.610996
38.61101
38.608356
38.608425
38.610973
38.610916
38.608284
38.608307
38.611004
38.60828
38.608315
38.61096
38.608395
38.60833
38.61094
38.608322
38.61094
38.61098
38.61099
38.610672
38.60832
38.608284
38.61098
38.60834
38.6083
38.608307
38.61083
38.61099
38.608307
38.61101
38.61096
38.611
38.60843
38.60843
38.608307
38.608303
38.608295
38.608307
38.6083
38.611
38.608395
38.61101
38.608303
38.61101
38.6083
38.61095
38.611004
38.611
38.6083
38.60842
38.608337
38.61092
38.61098
38.60829
38.608364
38.60829
38.6084
38.611
38.60847
38.608326
38.608288
38.608322
38.608624
38.611
38.61099
38.61092
38.60831
38.608295
38.608315
38.61101
38.610935
38.611
38.61099
38.608295
38.60831
38.60835
38.611004
38.608307
38.61099
38.610992
38.610897
38.611015
38.6083
38.61088
38.611004
38.610962
38.610973
38.608425
38.60828
38.610867
38.608307
38.60832
38.61095
38.608322
38.60828
38.608295
38.611008
38.60831
38.610916
38.61097
38.61089
38.611004
38.608307
38.610943
38.610992
38.608322
38.60832
38.611015
38.61096
38.608276
38.610916
38.610943
38.610973
38.60829
38.60839
38.61101
38.608284
38.608295
38.608284
38.608387
38.611008
38.608276
38.61089
38.610924
38.608284
38.60831
38.611
38.608433
38.610943
38.610912
38.611008
38.610992
38.608353
38.60832
38.608322
38.611
38.611004
38.610996
38.611008
38.60828
38.608387
38.60833
38.60828
38.608276
38.610962
38.611
38.60863
38.60829
38.610973
38.611015
38.611015
38.608383
38.610912
38.610985
38.60833
38.60832
38.60831
38.610935
38.610985
38.6109
38.610996
38.610943
38.60837
38.610962
38.611008
38.608353
38.608288
38.60833
38.60834
38.608295
38.60846
38.608437
38.608284
38.60838
38.61085
38.608505
38.608326
38.608303
38.608376
38.61099
38.608284
38.610928
38.608414
38.610943
38.610935
38.60835
38.61093
38.60839
38.608284
38.610874
38.608406
38.60829
38.610935
38.60829
38.608307
38.611
38.608303
38.608395
38.608376
38.610992
38.60838
38.608307
38.61091
38.611004
38.611004
38.610992
38.61092
38.611008
38.61097
38.60836
38.608414
38.608288
38.6083
38.610985
38.61083
38.61099
38.61094
38.61098
38.608295
38.608387
38.610886
38.608353
38.611008
38.608322
38.610966
38.61098
38.610855
38.61095
38.6108
38.6108
38.611008
38.608356
38.608288
38.608353
38.608376
38.61101
38.611004
38.610943
38.61098
38.608326
38.608334
38.61094
38.610985
38.610878
38.61089
38.60835
38.610996
38.60829
38.610992
38.61097
38.61096
38.61097
38.608276
38.60841
38.608303
38.608368
38.61097
38.60838
38.610962
38.608337
38.610966
38.6083
38.60832
38.610943
38.608444
38.610687
38.608326
38.60839
38.608295
38.608353
38.610973
38.610687
38.611
38.60836
38.6083
38.61094
38.611015
38.608356
38.61085
38.608276
38.60841
38.608303
38.608387
38.610996
38.610966
38.611004
38.608337
38.6083
38.610985
38.610847
38.608295
38.610863
38.608276
38.608303
38.611004
38.608315
38.610996
38.60834
38.61101
38.60832
38.608284
38.60829
38.608315
38.610935
38.610996
38.608322
38.611015
38.610977
38.61099
38.61099
38.608406
38.610935
38.608463
38.608284
38.610817
38.608303
38.610962
38.608276
38.608353
38.608276
38.610874
38.610943
38.610966
38.61093
38.610874
38.60834
38.61097
38.60835
38.608334
38.608337
38.611
38.608376
38.61099
38.610996
38.608353
38.61097
38.610966
38.610992
38.610996
38.611004
38.6083
38.60831
38.608288
38.61101
38.60839
38.60835
38.608337
38.610985
38.610825
38.610954
38.608307
38.608284
38.60831
38.610962
38.608276
38.610996
38.608303
38.608356
38.60834
38.60832
38.610783
38.608284
38.608315
38.60832
38.608376
38.611
38.610928
38.608387
38.608505
38.610943
38.608284
38.60829
38.610744
38.6083
38.610996
38.60828
38.608315
38.610813
38.610832
38.61098
38.608334
38.60828
38.608322
38.608334
38.608334
38.608295
38.60837
38.610973
38.610943
38.608295
38.6084
38.61095
38.608315
38.610996
38.610996
38.608448
38.608437
38.61093
38.610962
38.608303
38.60832
38.610954
38.610996
38.608276
38.610973
38.610897
38.61095
38.608276
38.610703
38.610947
38.608368
38.60834
38.610954
38.611015
38.610847
38.61098
38.60836
38.61101
38.608288
38.610992
38.610992
38.610916
38.60837
38.608315
38.608276
38.608406
38.6083
38.61099
38.611004
38.608322
38.610973
38.611
38.611015
38.610916
38.61094
38.608326
38.61094
38.611015
38.608334
38.608345
38.61095
38.60849
38.610878
38.610985
38.608437
38.610943
38.6083
38.610966
38.610996
38.610912
38.60841
38.61096
38.610916
38.61099
38.608284
38.611008
38.608376
38.611004
38.6084
38.608337
38.610996
38.608303
38.610935
38.61094
38.608303
38.608276
38.611
38.61098
38.611015
38.610985
38.610996
38.608345
38.611
38.60831
38.608334
38.608303
38.61098
38.60845
38.60835
38.61099
38.60846
38.610893
38.60837
38.610935
38.60828
38.610977
38.611008
38.608356
38.60837
38.608307
38.611008
38.611008
38.60835
38.60828
38.611015
38.608448
38.6086
38.61099
38.60833
38.60828
38.608353
38.608334
38.61099
38.610954
38.608807
38.60834
38.61101
38.608475
38.608322
38.610886
38.610985
38.608307
38.608295
38.61099
38.608494
38.61099
38.610916
38.60832
38.608307
38.608307
38.608337
38.610924
38.608284
38.608295
38.610996
38.610928
38.60831
38.608284
38.608387
38.608482
38.61101
38.60831
38.610878
38.61097
38.608395
38.608425
38.608307
38.610947
38.610912
38.608406
38.611015
38.610996
38.608337
38.611
38.610962
38.608322
38.610954
38.610973
38.611008
38.60833
38.608326
38.610893
38.608307
38.610954
38.610916
38.61093
38.608276
38.610966
38.61098
38.611015
38.608276
38.608315
38.61101
38.611004
38.611008
38.611015
38.608364
38.610966
38.61101
38.608345
38.611008
38.608276
38.611015
38.611008
38.60828
38.61099
38.60838
38.61096
38.610977
38.611015
38.60832
38.611004
38.61098
38.608353
38.611008
38.61097
38.608276
38.610954
38.608322
38.60835
38.61101
38.611015
38.610996
38.61098
38.60831
38.610966
38.611015
38.610897
38.611
38.610874
38.60829
38.610924
38.608543
38.608414
38.60836
38.608284
38.610992
38.610874
38.60831
38.610996
38.60831
38.60829
38.611015
38.611008
38.60833
38.608276
38.61098
38.61098
38.611015
38.61101
38.60832
38.610977
38.60828
38.60835
38.60831
38.608337
38.610977
38.608383
38.608295
38.61085
38.608284
38.60833
38.608276
38.610996
38.60832
38.611
38.610935
38.6083
38.610912
38.61081
38.608288
38.611015
38.61097
38.60829
38.61099
38.60832
38.60841
38.610973
38.610943
38.610996
38.608356
38.611008
38.610878
38.60831
38.610924
38.60837
38.60835
38.6083
38.60847
38.610928
38.608276
38.60832
38.608406
38.610992
38.60828
38.608307
38.60833
38.610493
38.611004
38.60866
38.608395
38.610977
38.61084
38.611
38.610992
38.61094
38.610966
38.60828
38.611008
38.61099
38.608288
38.611
38.610832
38.61098
38.608315
38.60835
38.611008
38.6083
38.60833
38.61099
38.608288
38.608433
38.608356
38.608288
38.610977
38.608456
38.61076
38.61098
38.610977
38.610878
38.608284
38.610966
38.61099
38.610966
38.61101
38.611004
38.608284
38.608303
38.608326
38.608353
38.6084
38.61096
38.610973
38.611
38.610966
38.611015
38.610954
38.608326
38.610928
38.611
38.60828
38.610794
38.61096
38.608376
38.608406
38.60842
38.610973
38.608288
38.608307
38.60828
38.61096
38.608284
38.60835
38.611008
38.608276
38.608322
38.611008
38.608326
38.608322
38.608295
38.608284
38.60832
42.783104
42.7831
42.783096
42.781452
42.783092
42.783104
42.7831
42.783092
42.78308
42.78146
42.783096
42.783054
42.781532
42.781414
42.78302
42.78309
42.783104
42.78307
42.781593
42.78306
42.783077
42.78146
42.783096
42.781433
42.7815
42.783085
42.78309
42.78143
42.78141
42.78306
42.783047
42.783016
42.783096
42.781437
42.783104
42.783096
42.782948
42.7831
42.78152
42.783028
42.781467
42.78293
42.783104
42.781433
42.78305
42.7831
42.781418
42.781445
42.783062
42.783066
42.781418
42.781437
42.78309
42.783054
42.78306
42.78142
42.781425
42.7831
42.783077
42.78309
42.7831
42.783077
42.781586
42.78141
42.781483
42.78153
42.78303
42.78142
42.783073
42.781487
42.781425
42.783054
42.78142
42.783005
42.783062
42.7831
42.783073
42.78149
42.78146
42.78303
42.781418
42.78143
42.78145
42.783043
42.7831
42.783092
42.781414
42.7831
42.781414
42.78145
42.78146
42.783035
42.78144
42.78307
42.783104
42.78141
42.783035
42.783054
42.78143
42.781456
42.783073
42.78141
42.783073
42.783104
42.783043
42.783073
42.783077
42.781494
42.78147
42.781418
42.78144
42.78146
42.78149
42.78148
42.78307
42.783035
42.781437
42.783085
42.783066
42.783085
42.781445
42.783077
42.783085
42.783073
42.781506
42.78308
42.783073
42.7831
42.781425
42.783054
42.783024
42.781445
42.78145
42.781487
42.78145
42.781418
42.783104
42.78143
42.783066
42.783085
42.78146
42.781456
42.783104
42.781452
42.781425
42.78309
42.78308
42.783092
42.78308
42.783024
42.781498
42.781494
42.783096
42.78303
42.78142
42.78147
42.78142
42.78141
42.78303
42.783077
42.783096
42.78305
42.783024
42.781445
42.7831
42.78142
42.783096
42.781506
42.78144
42.781452
42.78295
42.781467
42.781433
42.78145
42.78309
42.781452
42.781467
42.781445
42.783096
42.783092
42.783
42.783073
42.781414
42.781433
42.78146
42.781597
42.783077
42.781414
42.783096
42.7831
42.78142
42.781414
42.783043
42.78156
42.783043
42.781433
42.78307
42.78156
42.783035
42.7831
42.781437
42.7831
42.78149
42.783062
42.783092
42.783085
42.781418
42.78142
42.78144
42.78144
42.781456
42.781425
42.78302
42.78143
42.78142
42.78307
42.783047
42.783066
42.781544
42.781414
42.783077
42.783104
42.781418
42.783096
42.78142
42.783066
42.781456
42.781437
42.781418
42.781418
42.78148
42.781433
42.783104
42.78142
42.781433
42.781414
42.78146
42.781498
42.781452
42.78141
42.78141
42.783092
42.78142
42.781487
42.781433
42.7831
42.781414
42.783077
42.78301
42.783077
42.783092
42.781425
42.781433
42.78152
42.783047
42.781433
42.783104
42.783043
42.783085
42.781437
42.783054
42.783092
42.781414
42.783092
42.783047
42.78143
42.781418
42.782993
42.783005
42.781445
42.783092
42.78148
42.78304
42.78142
42.78309
42.78306
42.781414
42.78304
42.781418
42.783054
42.783012
42.78141
42.78306
42.78307
42.781418
42.781433
42.7831
42.78141
42.783096
42.78143
42.783066
42.78143
42.781452
42.783104
42.783012
42.783085
42.78142
42.783085
42.783066
42.78142
42.78308
42.783104
42.78145
42.781418
42.78143
42.7831
42.781483
42.7815
42.78309
42.783096
42.781425
42.78307
42.78144
42.781456
42.783066
42.781494
42.78145
42.78308
42.783104
42.781414
42.783092
42.781437
42.78143
42.78144
42.783043
42.781437
42.78142
42.783066
42.78142
42.78143
42.78142
42.783085
42.78305
42.783092
42.78141
42.78144
42.78141
42.78141
42.781464
42.78143
42.781437
42.78291
42.78306
42.781456
42.781445
42.781506
42.781525
42.78143
42.781425
42.78141
42.783104
42.78153
42.78294
42.783073
42.783077
42.783077
42.783092
42.783104
42.78309
42.783016
42.783092
42.78307
42.781425
42.781425
42.782974
42.783066
42.781425
42.7831
42.783096
42.783085
42.7815
42.7831
42.783104
42.78155
42.783043
42.78142
42.78305
42.783066
42.783085
42.781452
42.78141
42.783077
42.783104
42.781414
42.78305
42.78308
42.781445
42.78309
42.783066
42.781452
42.783096
42.78151
42.783092
42.781425
42.78309
42.781452
42.781418
42.781425
42.781418
42.783062
42.783092
42.783085
42.78142
42.7831
42.78145
42.781445
42.783066
42.783047
42.783066
42.7831
42.783024
42.781433
42.781456
42.781456
42.78146
42.78141
42.7815
42.78144
42.78141
42.78141
42.781437
42.78308
42.783043
42.78153
42.783062
42.7831
42.783
42.783096
42.78308
42.783104
42.783054
42.782955
42.783085
42.78151
42.781418
42.781433
42.781452
42.78142
42.781414
42.781506
42.7831
42.781437
42.78309
42.78306
42.781425
42.78308
42.78309
42.78305
42.783085
42.783104
42.783085
42.78297
42.783062
42.783085
42.783073
42.78161
42.783104
42.783066
42.783104
42.783073
42.781433
42.783096
42.781456
42.78144
42.78308
42.781452
42.781536
42.781425
42.78141
42.781475
42.781414
42.78148
42.7815
42.78302
42.783073
42.78309
42.783062
42.7831
42.783005
42.78145
42.78141
42.78144
42.78141
42.783047
42.78144
42.78145
42.7831
42.781418
42.78142
42.78143
42.783092
42.781517
42.78147
42.78142
42.783016
42.783085
42.781445
42.783096
42.781414
42.781433
42.781418
42.783096
42.78141
42.781414
42.781506
42.781418
42.7831
42.781487
42.78308
42.781425
42.78145
42.78145
42.78157
42.783066
42.781437
42.783092
42.781414
42.781433
42.78146
42.781437
42.781425
42.783062
42.7831
42.78293
42.7831
42.78143
42.78302
42.78152
42.783104
42.783005
42.78144
42.783092
42.781414
42.783077
42.781464
42.78145
42.78146
42.78308
42.781425
42.782997
42.783096
42.78141
42.78141
42.7831
42.783077
42.7815
42.783054
42.78142
42.781433
42.783104
42.783096
42.783085
42.781433
42.783062
42.781445
42.781414
42.783085
42.78141
42.78141
42.783073
42.783104
42.78142
42.78306
42.78298
42.783104
42.78142
42.783096
42.783035
42.781475
42.783073
42.78148
42.783016
42.781567
42.783062
42.78302
42.781418
42.78141
42.781452
42.783047
42.781445
42.78308
42.781414
42.783092
42.78142
42.78141
42.782898
42.783005
42.78302
42.783096
42.78142
42.78143
42.781483
42.78142
42.783077
42.78141
42.783104
42.78309
42.78141
42.781433
42.781452
42.783104
42.781487
42.781414
42.78306
42.78305
42.78306
42.7816
42.78142
42.781437
42.781433
42.78153
42.78143
42.781452
42.783077
42.78146
42.783035
42.78141
42.783104
42.7831
42.78304
42.781418
42.78305
42.781418
42.781506
42.78143
42.7831
42.78148
42.78301
42.78141
42.781433
42.781414
42.783104
42.783104
42.781452
42.78144
42.781425
42.78142
42.78143
42.781418
42.783066
42.78141
42.78144
42.78146
42.783073
42.781467
42.781487
42.783005
42.78144
42.781483
42.78141
42.782978
42.783062
42.783077
42.78309
42.7831
42.781483
42.781498
42.783085
42.783066
42.781425
42.781425
42.781464
42.781425
42.781483
42.783085
42.781425
42.781437
42.781414
42.783
42.78304
42.783085
42.78141
42.783092
42.78142
42.78141
42.783054
42.781494
42.7831
42.783077
42.781418
42.783066
42.783104
42.781513
42.7831
42.78142
42.783024
42.783104
42.781418
42.783092
42.78143
42.781437
42.78309
42.781456
42.781445
42.781425
42.781414
42.78297
42.78147
42.78144
42.7831
42.783066
42.781418
42.783096
42.783077
42.78141
42.783104
42.783073
42.781513
42.783085
42.78146
42.7831
42.781433
42.783092
42.78142
42.78142
42.783104
42.781414
42.78305
42.78142
42.783073
42.78141
42.781483
42.781513
42.783104
42.783016
42.78307
42.783077
42.783016
42.783054
42.783085
42.783092
42.78143
42.781414
42.783062
42.78141
42.781437
42.781433
42.783028
42.7815
42.783104
42.783035
42.78309
42.78141
42.783062
42.783066
42.783096
42.781445
42.78142
42.781425
42.78306
42.781425
42.78147
42.781418
42.78306
42.781483
42.783054
42.783054
42.78143
42.783077
42.781464
42.783054
42.78143
42.781437
42.783047
42.781425
42.78305
42.783104
42.783024
42.783085
42.781445
42.781414
42.783062
42.783062
42.783077
42.783104
42.781418
42.78144
42.781414
42.781445
42.783073
42.781475
42.782997
42.78143
42.78148
42.78143
42.783073
42.78301
42.7831
42.783047
42.7831
42.781425
42.783092
42.781456
42.783096
42.781456
42.783073
42.781433
42.783066
42.78305
42.781506
42.783092
42.7831
42.783066
42.78305
42.78143
42.781418
42.781418
42.78306
42.783047
42.781437
42.7831
42.781418
42.78142
42.783054
42.783096
42.7831
42.78301
42.7831
42.783054
42.78306
42.78298
42.78147
42.783066
42.781437
42.783077
42.781433
42.783073
42.783047
42.78142
42.78305
42.781414
42.783047
42.783096
42.781467
42.783104
42.78143
42.7831
42.783
42.78309
42.78307
42.781425
42.78302
42.783104
42.78146
42.78141
42.78141
42.783085
42.781414
42.783104
42.781418
42.781433
42.783043
42.783077
42.783043
42.78307
42.782978
42.781437
42.783028
42.783085
42.78148
42.783104
42.782978
42.78307
42.781437
42.78146
42.783035
42.781414
42.783092
42.78141
42.783104
42.781425
42.781414
42.783066
42.78144
42.781425
42.781555
42.78305
42.78141
42.781414
42.783047
42.7831
42.781418
42.783077
42.78302
42.78148
42.783092
42.782993
42.781425
42.781517
42.78145
42.781456
42.78301
42.78309
42.781414
42.783073
42.781487
42.78306
42.78309
42.783073
42.78306
42.783096
42.78308
42.78145
42.783066
42.781498
42.7831
42.782883
42.782814
42.781452
42.78309
42.78142
42.783073
42.78142
42.781437
42.78305
42.78308
42.783092
42.781445
42.781464
42.783047
42.783104
42.78145
42.783028
42.78142
42.781467
42.783092
42.78297
42.78143
42.781467
42.78144
42.781414
42.783096
42.783092
42.781513
42.7831
42.78302
42.78146
42.78149
42.78143
42.781425
42.783092
42.783054
42.78306
42.78162
42.781464
42.78147
42.781437
42.781464
42.78306
42.78143
42.78305
42.781452
42.78304
42.78146
42.781483
42.783077
42.781418
42.783092
42.783096
42.781445
42.78307
42.781414
42.781425
42.783104
42.781418
42.781483
42.78309
42.7831
42.78142
42.782993
42.781437
42.783077
42.781464
42.78309
42.78306
42.783104
42.78308
42.78308
42.783028
42.78307
42.783104
42.783096
42.783062
42.78146
42.781425
42.783012
42.783054
42.78308
42.781475
42.78146
42.782993
42.78141
42.781525
42.781414
42.783092
42.78143
42.78304
42.783062
42.783096
42.78306
38.485443
38.485435
38.486706
38.48677
38.48545
38.48678
38.486774
38.48542
38.48677
38.486744
38.486774
38.48545
38.486767
38.48676
38.48545
38.486736
38.486755
38.486767
38.485443
38.486774
38.48551
38.485455
38.48677
38.486736
38.486744
38.4867
38.48546
38.48543
38.48543
38.485554
38.486755
38.48676
38.486774
38.48675
38.486774
38.48543
38.48677
38.486755
38.48548
38.48675
38.485516
38.485428
38.485424
38.486687
38.486763
38.486774
38.485416
38.48545
38.486774
38.485443
38.48675
38.48677
38.486744
38.48672
38.485455
38.48664
38.486664
38.48544
38.485416
38.486744
38.486713
38.486748
38.48544
38.486748
38.48543
38.48674
38.48675
38.485424
38.486774
38.48542
38.486774
38.48675
38.48673
38.48672
38.48675
38.485477
38.485466
38.48676
38.486736
38.485416
38.486763
38.486767
38.48669
38.48675
38.48671
38.486767
38.486763
38.48544
38.485447
38.48542
38.486774
38.486767
38.48673
38.485493
38.486732
38.48544
38.48677
38.48545
38.486725
38.48676
38.486774
38.485428
38.485435
38.486774
38.485443
38.486774
38.485424
38.48544
38.48544
38.485416
38.486755
38.486774
38.486767
38.48675
38.485416
38.48676
38.485413
38.48673
38.48545
38.485466
38.485428
38.48674
38.486767
38.486767
38.486774
38.48545
38.486755
38.486732
38.486763
38.485428
38.486763
38.485416
38.485455
38.485416
38.48677
38.485424
38.486706
38.48676
38.485485
38.486656
38.485428
38.485428
38.486713
38.486725
38.485435
38.48677
38.485428
38.48544
38.48544
38.485416
38.48671
38.486725
38.485447
38.48545
38.485485
38.486736
38.486774
38.48678
38.48677
38.486748
38.485443
38.485455
38.48542
38.48542
38.48674
38.486774
38.48542
38.486637
38.486713
38.486702
38.485477
38.48542
38.48674
38.48542
38.48554
38.48677
38.48676
38.486774
38.485413
38.485435
38.485416
38.485443
38.48673
38.486744
38.486656
38.486774
38.485428
38.485447
38.486767
38.486687
38.48551
38.486755
38.485462
38.486763
38.486732
38.485428
38.485428
38.486725
38.48676
38.485424
38.486767
38.48677
38.48678
38.48676
38.485413
38.48548
38.48677
38.486767
38.485497
38.48542
38.485416
38.486774
38.486774
38.485428
38.486755
38.48678
38.48678
38.485474
38.486732
38.486675
38.48545
38.48542
38.486755
38.485455
38.486774
38.485428
38.486744
38.48543
38.486767
38.485443
38.485428
38.48676
38.486717
38.48677
38.48677
38.48677
38.485474
38.485455
38.485428
38.486763
38.485416
38.48543
38.486763
38.48546
38.485428
38.486732
38.485416
38.48542
38.485443
38.486774
38.485416
38.485466
38.48676
38.48676
38.48544
38.486774
38.485416
38.486732
38.486675
38.485497
38.485424
38.485424
38.485416
38.485416
38.485477
38.48677
38.48543
38.486755
38.486736
38.485546
38.48678
38.485416
38.48546
38.48677
38.48549
38.48673
38.48675
38.486767
38.48677
38.48677
38.486748
38.485435
38.48542
38.486732
38.485416
38.486656
38.485474
38.485462
38.485435
38.48553
38.485416
38.486664
38.485435
38.486687
38.486774
38.485428
38.485443
38.48552
38.48675
38.486675
38.48674
38.486732
38.485455
38.48677
38.48542
38.485416
38.48544
38.485424
38.485504
38.486748
38.485443
38.486767
38.485428
38.486767
38.485424
38.48542
38.486774
38.48542
38.485542
38.485435
38.48678
38.485455
38.485424
38.486694
38.485455
38.48543
38.486713
38.485416
38.48678
38.486774
38.486774
38.485447
38.485428
38.48552
38.48675
38.48544
38.485424
38.485474
38.48676
38.48666
38.48673
38.48676
38.48669
38.48543
38.486744
38.48543
38.48674
38.486713
38.48542
38.48542
38.485413
38.48671
38.486717
38.48677
38.485447
38.485516
38.48673
38.485428
38.48674
38.48668
38.485424
38.485416
38.48671
38.485428
38.48542
38.48674
38.485416
38.485455
38.485424
38.48673
38.486763
38.48676
38.48545
38.485428
38.485428
38.486767
38.485435
38.485462
38.486736
38.486694
38.48542
38.48546
38.486706
38.486755
38.48676
38.485428
38.48549
38.485413
38.48676
38.485455
38.485523
38.485447
38.486717
38.486755
38.48672
38.486717
38.486767
38.48675
38.48544
38.48676
38.485462
38.48542
38.485416
38.485435
38.486755
38.48671
38.48672
38.48547
38.48675
38.486763
38.48543
38.485443
38.48677
38.486755
38.48677
38.486767
38.486755
38.486744
38.485416
38.486748
38.48542
38.485428
38.48543
38.486774
38.485455
38.485443
38.485413
38.486774
38.485447
38.486774
38.48546
38.48664
38.48542
38.48677
38.48673
38.48545
38.486763
38.485428
38.486553
38.485413
38.485416
38.485443
38.486774
38.485435
38.48544
38.485455
38.485455
38.485428
38.485435
38.486755
38.485424
38.486774
38.485428
38.48677
38.486763
38.485424
38.485428
38.485462
38.48542
38.485416
38.4867
38.486713
38.486774
38.485443
38.485424
38.486767
38.486755
38.48677
38.48542
38.485516
38.485447
38.486763
38.48542
38.486774
38.48675
38.486763
38.485455
38.48677
38.48554
38.48677
38.485424
38.48677
38.48543
38.485424
38.485416
38.485443
38.485416
38.48543
38.485485
38.486763
38.485424
38.486774
38.48544
38.485428
38.485447
38.486732
38.486748
38.486763
38.48544
38.486717
38.486744
38.48542
38.486767
38.485416
38.486706
38.48677
38.48543
38.48542
38.48545
38.48544
38.485447
38.486736
38.486717
38.48542
38.486713
38.486763
38.48547
38.48675
38.48678
38.485416
38.486725
38.485424
38.486774
38.485447
38.485447
38.48546
38.485428
38.486755
38.48677
38.486755
38.485428
38.486732
38.48542
38.485416
38.486767
38.48546
38.48669
38.485428
38.48544
38.485477
38.48673
38.486694
38.486767
38.485428
38.486706
38.486767
38.485447
38.48675
38.48546
38.486763
38.486748
38.48543
38.486713
38.485413
38.48543
38.485443
38.486694
38.486774
38.48673
38.485424
38.486732
38.486767
38.48677
38.486748
38.48676
38.48674
38.486767
38.485424
38.486763
38.485447
38.48549
38.486744
38.485428
38.485416
38.48675
38.486774
38.485424
38.486763
38.486694
38.485508
38.48547
38.486767
38.48549
38.48546
38.48546
38.4867
38.486763
38.486774
38.485416
38.486725
38.486755
38.486767
38.486713
38.485455
38.48542
38.486652
38.48543
38.48542
38.48674
38.485462
38.486725
38.48542
38.485428
38.48677
38.48544
38.486755
38.486774
38.486774
38.48543
38.485416
38.48672
38.486767
38.486767
38.486767
38.485435
38.486774
38.486755
38.485638
38.486767
38.48543
38.485424
38.485477
38.486755
38.485424
38.48671
38.486763
38.485428
38.48547
38.48546
38.485416
38.485428
38.485596
38.485416
38.485447
38.48543
38.486767
38.485435
38.485424
38.48677
38.48677
38.48545
38.486717
38.486755
38.48676
38.485416
38.485435
38.48676
38.486694
38.486732
38.485416
38.48672
38.48666
38.486744
38.48677
38.485416
38.485416
38.48556
38.48543
38.485413
38.48547
38.48673
38.486767
38.486706
38.485428
38.485447
38.485485
38.485428
38.4867
38.486706
38.485416
38.486767
38.486717
38.485424
38.485443
38.486744
38.486755
38.485424
38.485416
38.486774
38.48677
38.485424
38.485416
38.48674
38.486713
38.48542
38.48543
38.485508
38.486763
38.485493
38.48545
38.48677
38.485424
38.48546
38.485447
38.48676
38.486767
38.486736
38.485428
38.48676
38.486744
38.485462
38.486736
38.48675
38.485413
38.485413
38.486767
38.486774
38.486717
38.486774
38.48676
38.485447
38.48549
38.486755
38.48677
38.4867
38.485435
38.48549
38.486763
38.48678
38.48675
38.486767
38.485428
38.486763
38.486774
38.48549
38.48671
38.48548
38.485424
38.485413
38.486736
38.486717
38.485435
38.48675
38.486725
38.486774
38.485455
38.486702
38.48669
38.48542
38.48676
38.485474
38.485416
38.48552
38.48675
38.486736
38.485424
38.485466
38.48543
38.485416
38.486774
38.486755
38.486725
38.48674
38.486763
38.48671
38.48677
38.485424
38.485443
38.485416
38.485455
38.48673
38.485462
38.48675
38.485466
38.486725
38.48545
38.4855
38.486763
38.485424
38.48676
38.485443
38.486774
38.486774
38.486774
38.485447
38.48676
38.486732
38.48542
38.485424
38.485424
38.485424
38.486744
38.486706
38.485428
38.485424
38.48677
38.485455
38.485443
38.48673
38.48546
38.485447
38.486767
38.485416
38.486763
38.486767
38.486736
38.486744
38.485416
38.485447
38.485455
38.4867
38.48678
38.48675
38.485416
38.486774
38.48544
38.485462
38.48678
38.486767
38.48543
38.485443
38.48543
38.48675
38.485424
38.48675
38.486774
38.48672
38.485428
38.486748
38.485416
38.486687
38.486763
38.48542
38.48543
38.48675
38.486744
38.485455
38.486755
38.486774
38.485523
38.486744
38.48542
38.485424
38.486767
38.48676
38.485477
38.48676
38.485424
38.48677
38.486763
38.485477
38.485424
38.486774
38.485424
38.48542
38.485474
38.48677
38.4866
38.485443
38.486767
38.48547
38.485424
38.485416
38.486694
38.486725
38.48673
38.48545
38.486748
38.485416
38.486744
38.48675
38.48542
38.485443
38.486774
38.485416
38.48677
38.485413
38.48545
38.486774
38.486713
38.48678
38.486774
38.485424
38.486774
38.486763
38.486732
38.486774
38.48542
38.48543
38.485435
38.485416
38.486774
38.486774
38.485435
38.486725
38.48544
38.486767
38.485435
38.48546
38.486755
38.486603
38.48542
38.48545
38.486744
38.48678
38.486744
38.485416
38.486748
38.486767
38.48544
38.48674
38.485424
38.48675
38.485428
38.485462
38.485416
38.485493
38.485447
38.48548
38.48672
38.485416
38.486713
38.485435
38.485447
38.486755
38.48676
38.48672
38.485428
38.486767
38.485523
38.485462
38.486774
38.486763
38.486725
38.48542
38.486748
38.48555
38.486732
38.48677
38.486637
38.485447
38.485413
38.48674
38.48677
38.48677
38.48544
38.485447
38.485462
38.485462
38.486763
38.486725
38.485428
38.485455
38.485474
38.48673
38.486767
38.48543
38.485424
38.48544
38.485474
38.485443
38.486763
38.485435
38.48542
38.485455
38.485435
38.485462
38.485428
38.485416
38.485493
38.486748
38.485477
38.48548
38.48676
38.48548
38.486725
38.485424
38.486763
38.48678
38.48673
38.48544
38.486774
38.486774
38.48672
38.486683
38.48672
38.485455
38.48674
38.48673
38.48542
38.485416
38.485455
38.486748
38.48664
38.486725
38.48675
38.485424
38.485416
38.485447
38.485462
38.485462
38.485435
38.486755
38.486767
38.486736
38.48671
38.486687
38.485462
38.48672
38.48678
37.943058
37.94173
37.94169
37.941765
37.943043
37.943058
37.94173
37.941704
37.943077
37.941715
37.94169
37.943047
37.942986
37.941696
37.94304
37.943073
37.943054
37.94173
37.943066
37.943047
37.94307
37.94169
37.941704
37.943043
37.94302
37.94169
37.941715
37.94303
37.94307
37.941704
37.941727
37.941723
37.94171
37.943073
37.94299
37.94172
37.941723
37.943047
37.94302
37.941727
37.943027
37.941708
37.941685
37.94171
37.941692
37.9417
37.94306
37.941685
37.94303
37.943073
37.941692
37.943058
37.943073
37.943058
37.941692
37.94305
37.943016
37.94181
37.941757
37.94306
37.941704
37.94307
37.943077
37.943058
37.943043
37.941704
37.941715
37.941727
37.943077
37.943066
37.941723
37.94168
37.941704
37.94303
37.941803
37.94306
37.94172
37.94175
37.942997
37.94304
37.94171
37.941715
37.94302
37.94306
37.94306
37.941727
37.941708
37.941795
37.941692
37.94307
37.941723
37.9417
37.94302
37.941845
37.94169
37.943066
37.943024
37.943066
37.94174
37.941757
37.941696
37.94303
37.94306
37.943035
37.94292
37.941685
37.94307
37.941685
37.941734
37.941704
37.941696
37.94168
37.94302
37.941704
37.941692
37.941704
37.943035
37.941692
37.94171
37.941685
37.943066
37.94304
37.94307
37.941692
37.94171
37.943073
37.94173
37.943073
37.94306
37.943073
37.942978
37.941776
37.94169
37.94174
37.943073
37.943066
37.94304
37.941685
37.941685
37.941696
37.94172
37.941704
37.94301
37.942966
37.943066
37.943066
37.94305
37.943058
37.941696
37.943054
37.941685
37.94307
37.94306
37.9417
37.941746
37.94307
37.943058
37.941704
37.941696
37.941746
37.94302
37.94307
37.943066
37.943077
37.94169
37.94172
37.94303
37.943047
37.943005
37.943077
37.943035
37.943066
37.943054
37.94307
37.94169
37.943035
37.943054
37.94307
37.94177
37.94169
37.94169
37.94306
37.943043
37.94172
37.94173
37.94168
37.941685
37.94169
37.94307
37.943073
37.941727
37.943035
37.94307
37.94307
37.94307
37.94298
37.94307
37.943043
37.943043
37.94306
37.941723
37.941685
37.941685
37.94307
37.941692
37.94305
37.941692
37.941742
37.943058
37.941723
37.943043
37.941727
37.94169
37.942947
37.943058
37.94307
37.943047
37.943073
37.94302
37.943047
37.94307
37.94303
37.94303
37.941685
37.941723
37.94173
37.943047
37.943024
37.943047
37.94171
37.94169
37.942986
37.941692
37.943035
37.94305
37.943066
37.942993
37.941753
37.943073
37.94304
37.943027
37.941727
37.941723
37.941708
37.943073
37.94173
37.943035
37.94305
37.941715
37.941715
37.941734
37.943073
37.943016
37.943077
37.941685
37.941696
37.94298
37.94173
37.941727
37.941727
37.941708
37.94299
37.943054
37.941696
37.941734
37.94302
37.94306
37.943073
37.941685
37.943024
37.94302
37.94181
37.94307
37.943047
37.94174
37.943073
37.94171
37.94169
37.941685
37.943066
37.941788
37.941696
37.943027
37.94306
37.941742
37.943027
37.943043
37.943005
37.9417
37.94307
37.94307
37.943058
37.94169
37.94307
37.941704
37.94304
37.943058
37.941715
37.94178
37.9417
37.943054
37.94307
37.943054
37.9429
37.943016
37.943054
37.94172
37.941696
37.941704
37.94171
37.94169
37.943
37.941704
37.94307
37.94306
37.9417
37.94296
37.942993
37.94171
37.943054
37.94304
37.94304
37.94305
37.94302
37.943058
37.94303
37.943077
37.94306
37.943077
37.9417
37.94169
37.941723
37.943043
37.943047
37.94306
37.941715
37.94299
37.941715
37.943012
37.94169
37.941692
37.941795
37.94305
37.94305
37.943073
37.94303
37.94298
37.943077
37.941723
37.94169
37.94169
37.943077
37.941696
37.94172
37.943058
37.941692
37.941776
37.941685
37.941723
37.943073
37.94302
37.942955
37.94303
37.94303
37.94172
37.941715
37.942978
37.941685
37.943066
37.94307
37.94169
37.943047
37.941696
37.94168
37.943077
37.943047
37.94301
37.94169
37.943058
37.943016
37.943058
37.941715
37.94169
37.94306
37.943077
37.941685
37.941685
37.943066
37.94307
37.943035
37.943058
37.943047
37.94306
37.943058
37.94307
37.94169
37.943047
37.941723
37.9417
37.943058
37.94169
37.943058
37.94171
37.943073
37.941708
37.941685
37.94303
37.9417
37.94171
37.943058
37.9417
37.941685
37.943054
37.94302
37.94175
37.941704
37.941685
37.941727
37.943066
37.943073
37.941742
37.943058
37.941692
37.943073
37.94307
37.94305
37.94307
37.941704
37.94175
37.94302
37.943054
37.94303
37.943073
37.941734
37.94307
37.942997
37.941704
37.94169
37.943066
37.943043
37.943054
37.94169
37.94306
37.943066
37.94168
37.941723
37.941685
37.94169
37.941692
37.943005
37.94176
37.941692
37.94304
37.943077
37.943073
37.943043
37.941715
37.9418
37.94304
37.94307
37.943073
37.941734
37.943027
37.941776
37.942986
37.943058
37.94174
37.941765
37.943024
37.943077
37.94307
37.941685
37.943066
37.943066
37.94303
37.943047
37.941692
37.943054
37.94168
37.943073
37.941692
37.94307
37.943054
37.94175
37.941696
37.94168
37.94169
37.94169
37.941807
37.94303
37.94307
37.941692
37.94168
37.941692
37.941753
37.941753
37.94307
37.941696
37.943066
37.943066
37.941692
37.941685
37.941734
37.941692
37.94305
37.941746
37.94169
37.9417
37.94307
37.941685
37.943054
37.942955
37.941692
37.943043
37.943024
37.94306
37.941696
37.94169
37.94307
37.941704
37.941704
37.943047
37.943073
37.94304
37.941727
37.943066
37.943047
37.941692
37.943043
37.94306
37.941692
37.943016
37.943073
37.94175
37.943043
37.9418
37.943035
37.943066
37.94306
37.94307
37.941692
37.9417
37.943073
37.94175
37.943073
37.94305
37.941723
37.943073
37.94168
37.943016
37.943024
37.943054
37.94173
37.94306
37.941765
37.941715
37.941692
37.941723
37.941723
37.943047
37.943058
37.942993
37.94307
37.941715
37.941708
37.942974
37.941685
37.94169
37.94305
37.94306
37.943047
37.943058
37.94307
37.9418
37.94305
37.943016
37.94307
37.941772
37.943054
37.943047
37.942894
37.943066
37.941692
37.94303
37.943066
37.941765
37.943058
37.94172
37.943073
37.943043
37.94306
37.942993
37.941723
37.943047
37.941704
37.94169
37.941704
37.94172
37.94169
37.943016
37.943066
37.943024
37.941715
37.941704
37.94169
37.94306
37.94169
37.94171
37.941727
37.943016
37.943035
37.941734
37.94173
37.941715
37.94169
37.943066
37.94168
37.943073
37.94301
37.94304
37.941696
37.943027
37.941715
37.94306
37.943058
37.941746
37.943054
37.941685
37.941685
37.943
37.9417
37.941803
37.94172
37.941788
37.941723
37.941708
37.941692
37.943058
37.941692
37.94169
37.94168
37.941727
37.941708
37.943012
37.941685
37.94286
37.94304
37.943047
37.94169
37.941708
37.941784
37.941704
37.94169
37.941692
37.943054
37.941715
37.94168
37.943043
37.94173
37.943024
37.941692
37.941742
37.94298
37.943047
37.941692
37.94307
37.94307
37.943016
37.941753
37.94307
37.943054
37.94306
37.943073
37.94303
37.94306
37.94299
37.941776
37.943066
37.94169
37.94305
37.94307
37.941715
37.941765
37.941696
37.941685
37.94169
37.943066
37.941742
37.941746
37.941715
37.941685
37.941696
37.9417
37.942978
37.943027
37.941696
37.941746
37.942974
37.943043
37.941692
37.94172
37.943027
37.943024
37.94169
37.94168
37.94307
37.941692
37.941692
37.943073
37.941692
37.942986
37.9417
37.943035
37.9418
37.941696
37.94304
37.9417
37.94294
37.943073
37.94307
37.94307
37.941696
37.941715
37.941685
37.943073
37.943073
37.94305
37.94169
37.941704
37.9417
37.943047
37.941692
37.943043
37.94304
37.943
37.943047
37.94303
37.943077
37.94304
37.943066
37.943058
37.94307
37.94169
37.943027
37.941704
37.94172
37.9417
37.941696
37.943073
37.94303
37.943073
37.94169
37.941685
37.943058
37.943066
37.94307
37.941742
37.94307
37.94299
37.94171
37.943054
37.94169
37.9417
37.941696
37.941757
37.94171
37.941708
37.94301
37.943073
37.94169
37.941704
37.94169
37.94169
37.941685
37.94171
37.94168
37.943066
37.943077
37.943043
37.941692
37.941814
37.94307
37.943058
37.941742
37.9417
37.94169
37.94169
37.943073
37.942978
37.94168
37.941734
37.94172
37.94168
37.943077
37.941723
37.941696
37.94295
37.941776
37.941746
37.941746
37.943066
37.943054
37.94172
37.94172
37.941757
37.94297
37.94176
37.943058
37.94302
37.94169
37.94307
37.943047
37.941685
37.94169
37.943035
37.943066
37.943073
37.941696
37.94305
37.94303
37.94307
37.94306
37.943066
37.94303
37.94172
37.941723
37.94175
37.94303
37.9417
37.94168
37.943066
37.943073
37.943073
37.941696
37.94306
37.943024
37.941723
37.941715
37.94305
37.94173
37.941692
37.941696
37.94304
37.941685
37.941685
37.94306
37.943058
37.941708
37.941685
37.941856
37.94302
37.94305
37.94304
37.94168
37.943054
37.943047
37.943012
37.941685
37.94174
37.94306
37.943035
37.94304
37.942986
37.94305
37.94307
37.943077
37.94306
37.943077
37.941692
37.941704
37.94303
37.9417
37.943058
37.941685
37.943066
37.9417
37.94171
37.94175
37.943066
37.94306
37.94306
37.943066
37.94305
37.94169
37.94173
37.943035
37.94304
37.941692
37.941757
37.943047
37.94305
37.9417
37.9417
37.9417
37.94169
37.943066
37.943073
37.943047
37.94303
37.941727
37.943054
37.94172
37.941692
37.943012
37.943066
37.941757
37.9417
37.94307
37.943
37.94302
37.943047
37.94175
37.94307
37.941692
37.94306
37.941708
37.943066
37.94305
37.94305
37.94305
37.943073
37.943066
37.94174
37.941696
37.941795
37.942997
37.94289
37.941696
37.941696
37.941696
37.943016
37.94174
37.943027
37.941765
37.9417
37.94168
37.941696
37.941727
37.94173
37.943073
37.941692
37.943047
37.941685
37.943043
37.943054
37.94306
37.94168
37.941685
37.94296
37.943066
37.941723
37.9417
37.942974
37.9417
37.943073
37.94171
37.94303
37.941685
37.943058
37.943058
37.94303
37.943024
37.943024
37.94302
37.943073
37.94169
37.943077
37.941696
37.94169
37.941692
37.94169
37.943035
37.943054
37.943043
37.94307
37.943077
37.9417
37.943058
37.942974
37.941704
37.943027
37.9417
37.94304
37.943054
37.941765
37.94171
37.941715
37.94169
37.94302
37.943066
37.94307
37.94305
37.943047
37.943073
37.94171
37.941692
37.941704
37.94304
37.943073
37.941692
38.610302
38.609
38.61025
38.61033
38.61026
38.61029
38.608982
38.608963
38.608963
38.608974
38.60897
38.610195
38.608974
38.608967
38.61031
38.60896
38.610313
38.610302
38.609013
38.610306
38.61033
38.61033
38.60896
38.610264
38.61032
38.608974
38.608974
38.610325
38.610332
38.61029
38.60899
38.608963
38.608982
38.60904
38.608963
38.608982
38.610245
38.610332
38.61032
38.609
38.608963
38.610256
38.608963
38.61031
38.610325
38.608967
38.61032
38.610325
38.610275
38.61029
38.610313
38.61031
38.610325
38.608963
38.609123
38.610306
38.610302
38.609043
38.60901
38.60896
38.608963
38.610313
38.609
38.610302
38.61032
38.610325
38.608963
38.610325
38.60901
38.610306
38.61029
38.610313
38.60897
38.610317
38.61032
38.610302
38.610313
38.61032
38.608967
38.608963
38.610264
38.60896
38.608963
38.610275
38.60898
38.61031
38.610302
38.609
38.61033
38.608967
38.60898
38.609
38.60899
38.61029
38.61032
38.610332
38.60899
38.610306
38.61032
38.610313
38.61033
38.608997
38.610332
38.610313
38.608994
38.610306
38.608974
38.61033
38.608963
38.61032
38.61032
38.61032
38.608982
38.6103
38.610325
38.610313
38.610313
38.610294
38.608986
38.608974
38.610325
38.609
38.610252
38.60898
38.61033
38.608963
38.608974
38.61021
38.608986
38.610317
38.60899
38.61029
38.608994
38.61029
38.60898
38.608967
38.60899
38.61026
38.609047
38.61033
38.610294
38.610302
38.609
38.608963
38.60905
38.610306
38.61031
38.610302
38.60899
38.608963
38.608982
38.610317
38.608982
38.61033
38.608967
38.609035
38.60903
38.610313
38.608974
38.609077
38.610302
38.608997
38.609005
38.609077
38.60899
38.609016
38.610268
38.6103
38.609
38.610313
38.610287
38.610332
38.61031
38.60901
38.60898
38.609005
38.608974
38.609016
38.61032
38.6103
38.610317
38.608963
38.60899
38.608967
38.610317
38.61033
38.60899
38.61027
38.6103
38.610325
38.609016
38.610317
38.609024
38.60902
38.60902
38.61029
38.609035
38.61024
38.610306
38.610306
38.60896
38.610325
38.60896
38.610325
38.61033
38.60902
38.60898
38.610313
38.60896
38.610313
38.6103
38.61031
38.610287
38.610317
38.610302
38.60897
38.61033
38.608986
38.610306
38.61031
38.608974
38.609028
38.608967
38.608974
38.610313
38.610275
38.610306
38.61031
38.608982
38.61025
38.608967
38.61024
38.609005
38.610313
38.609016
38.608982
38.608967
38.608997
38.61029
38.61029
38.60903
38.608963
38.60897
38.608994
38.60897
38.61029
38.60897
38.609024
38.609047
38.609
38.61033
38.610287
38.608974
38.610313
38.61023
38.610325
38.61028
38.609085
38.608974
38.609005
38.60897
38.60897
38.610287
38.608986
38.61024
38.610294
38.60897
38.61026
38.610195
38.608986
38.608963
38.61033
38.61033
38.608986
38.609035
38.60904
38.61033
38.61026
38.610294
38.610283
38.608974
38.608994
38.61032
38.60897
38.609005
38.608974
38.60899
38.608974
38.608986
38.609
38.610195
38.61028
38.608982
38.610294
38.61033
38.609005
38.608974
38.609085
38.610275
38.60898
38.609
38.609
38.61032
38.61033
38.608982
38.6103
38.608963
38.609
38.609028
38.60898
38.608986
38.610317
38.608986
38.60899
38.608994
38.61021
38.608967
38.609035
38.61032
38.610313
38.608986
38.610256
38.608967
38.608986
38.609055
38.608982
38.61031
38.60899
38.610294
38.61033
38.609055
38.610325
38.608963
38.610275
38.61026
38.61033
38.610325
38.61027
38.610306
38.61028
38.609028
38.610218
38.610317
38.608967
38.610302
38.609074
38.61033
38.61029
38.610268
38.608967
38.61032
38.608963
38.60897
38.60896
38.61029
38.608974
38.609043
38.610245
38.608963
38.608967
38.608963
38.610294
38.61033
38.608974
38.61031
38.609047
38.61029
38.609
38.60897
38.610332
38.608982
38.609062
38.608994
38.610302
38.610313
38.608967
38.61031
38.610332
38.608986
38.608974
38.610287
38.60897
38.610302
38.610317
38.610252
38.608967
38.608974
38.61032
38.60898
38.608963
38.610237
38.610325
38.610302
38.608963
38.60897
38.608982
38.608974
38.609
38.608986
38.60898
38.610325
38.610302
38.60904
38.608997
38.60897
38.610283
38.610306
38.610313
38.61021
38.610332
38.610306
38.610325
38.608986
38.60897
38.61033
38.61029
38.6103
38.61033
38.61025
38.61032
38.610294
38.61025
38.61024
38.608997
38.608982
38.60899
38.608963
38.610325
38.608974
38.608994
38.610325
38.61032
38.60898
38.61032
38.61027
38.610317
38.61021
38.608963
38.60897
38.610325
38.608986
38.61032
38.610325
38.61031
38.608963
38.610313
38.61031
38.61028
38.6103
38.610325
38.60898
38.610275
38.610294
38.610268
38.61033
38.60899
38.610325
38.608994
38.608986
38.608963
38.608982
38.610283
38.608974
38.60898
38.608967
38.60899
38.60896
38.61026
38.608986
38.60897
38.610313
38.61033
38.60897
38.608986
38.610325
38.60897
38.610252
38.610325
38.608967
38.610317
38.610287
38.61021
38.60897
38.610268
38.608967
38.610325
38.61028
38.608963
38.61031
38.608982
38.60905
38.60903
38.610317
38.608974
38.610317
38.60899
38.610226
38.608986
38.608982
38.608986
38.610325
38.610313
38.610325
38.61029
38.609005
38.60897
38.610294
38.60898
38.61029
38.6103
38.60896
38.6103
38.60896
38.608967
38.60901
38.610306
38.60904
38.610302
38.608963
38.610233
38.608963
38.608963
38.608967
38.61032
38.60899
38.61031
38.609016
38.608997
38.60898
38.609
38.61021
38.610313
38.610283
38.609016
38.609016
38.61031
38.61033
38.610294
38.61031
38.610317
38.609043
38.60897
38.610256
38.608986
38.610313
38.610306
38.608963
38.610317
38.60898
38.61033
38.608986
38.610287
38.60904
38.61027
38.61033
38.61028
38.60898
38.608997
38.610325
38.60899
38.609093
38.61033
38.610306
38.60901
38.61033
38.61025
38.60899
38.610287
38.610325
38.610325
38.610317
38.608974
38.608963
38.60897
38.610294
38.60901
38.610317
38.60898
38.610325
38.610317
38.60899
38.608967
38.60899
38.60903
38.61029
38.60901
38.61032
38.610325
38.609016
38.60899
38.610317
38.610302
38.610275
38.610317
38.60897
38.608974
38.609016
38.608986
38.608982
38.608963
38.609028
38.609028
38.60898
38.60898
38.610283
38.610287
38.610275
38.60899
38.608974
38.60898
38.61017
38.61029
38.610245
38.61025
38.61033
38.610317
38.60897
38.608974
38.610325
38.610294
38.610313
38.60899
38.608982
38.61033
38.610287
38.608963
38.610317
38.609005
38.6103
38.610325
38.609028
38.60901
38.61033
38.610306
38.610317
38.609
38.609024
38.609062
38.608982
38.609016
38.610325
38.610325
38.608974
38.610287
38.610302
38.61027
38.610325
38.608974
38.61033
38.60903
38.609047
38.608994
38.60896
38.60897
38.608994
38.608982
38.609035
38.61032
38.610302
38.608967
38.608994
38.610287
38.610325
38.609066
38.61031
38.609005
38.610313
38.610325
38.609024
38.61032
38.609047
38.608963
38.608982
38.610252
38.60897
38.610294
38.60897
38.60897
38.61032
38.609016
38.60897
38.610325
38.609016
38.610313
38.609013
38.61033
38.61033
38.61029
38.608997
38.608963
38.61032
38.608994
38.608967
38.610268
38.61028
38.608974
38.608967
38.609028
38.608997
38.610317
38.610306
38.610188
38.61024
38.61028
38.61031
38.608974
38.61031
38.6103
38.610317
38.60897
38.610306
38.61033
38.610157
38.610317
38.60898
38.61031
38.61031
38.608994
38.610325
38.610287
38.608974
38.60898
38.610306
38.608963
38.6103
38.610226
38.61033
38.61027
38.610332
38.61033
38.609097
38.60897
38.608974
38.608974
38.608994
38.608963
38.610275
38.608974
38.608967
38.61033
38.61033
38.60901
38.609005
38.608967
38.61033
38.608986
38.61032
38.610237
38.609028
38.61031
38.61033
38.61033
38.610306
38.609055
38.609035
38.608986
38.608986
38.61032
38.608967
38.60896
38.61031
38.61031
38.60897
38.608982
38.608974
38.61027
38.610313
38.610313
38.610287
38.608974
38.608974
38.610325
38.610207
38.61028
38.609005
38.610287
38.60902
38.608963
38.608994
38.610332
38.61029
38.610283
38.61031
38.610264
38.60899
38.608967
38.60902
38.610317
38.608982
38.610313
38.610237
38.61032
38.608967
38.610287
38.609
38.60897
38.61033
38.610325
38.608986
38.610325
38.608963
38.608963
38.609028
38.60898
38.608986
38.608963
38.610283
38.608963
38.60911
38.6103
38.61031
38.610332
38.608974
38.609024
38.608967
38.60904
38.608994
38.608967
38.60898
38.61032
38.60896
38.608967
38.610325
38.610287
38.610306
38.610313
38.610283
38.609154
38.60897
38.608967
38.608974
38.610252
38.608997
38.61031
38.608963
38.608967
38.608994
38.610325
38.610313
38.61029
38.60897
38.61032
38.608974
38.610325
38.610218
38.609005
38.61023
38.608967
38.610233
38.609055
38.61031
38.608986
38.61031
38.610256
38.608967
38.60898
38.610264
38.608974
38.60897
38.61025
38.610325
38.610325
38.6103
38.6103
38.608994
38.61031
38.61027
38.608967
38.61031
38.60902
38.61033
38.61033
38.61033
38.61031
38.609013
38.608974
38.608963
38.610287
38.61031
38.608997
38.608986
38.608963
38.610294
38.608967
38.609028
38.60901
38.608967
38.609085
38.610313
38.61027
38.60898
38.608963
38.610317
38.61029
38.60897
38.610287
38.610325
38.60897
38.61031
38.610302
38.610325
38.609028
38.610252
38.608974
38.608982
38.60898
38.610306
38.610317
38.60902
38.608963
38.61032
38.609097
38.608963
38.608986
38.61033
38.61032
38.610195
38.609024
38.610264
38.60899
38.610283
38.610317
38.608974
38.610325
38.610325
38.60904
38.610287
38.608982
38.610287
38.610302
38.610184
38.609013
38.61024
38.60897
38.609024
38.608963
38.61033
38.608967
38.608967
38.610306
38.608974
38.61031
38.60899
38.61033
38.608986
38.609
38.608986
38.60901
38.608967
38.610283
38.60912
38.609024
38.610332
38.61024
38.609005
38.610294
38.60899
38.61031
38.610313
38.608986
38.608982
38.610317
38.60901
38.608986
38.61031
38.60897
38.60899
38.609035
38.61024
38.609
38.610317
38.61032
38.61032
38.61033
38.60898
38.608997
38.609066
38.61032
38.608963
38.608982
38.608967
38.60897
38.610313
38.608997
38.609043
38.608994
38.610233
38.610325
38.608963
38.61028
38.610317
38.608967
38.610294
38.609
38.60897
38.610268
38.608963
38.608963
38.610317
38.610313
